00010000110011010010100000110111111110000110110001000101101110110110001110011010100011100101101000001001111111000001011001100011
00110100011111010101101010100001011001000001011000100110011110101101011111110010110010001100111101000101110001110010000111101100
01111011000111011010111001100111111000000011101101000010011000001011110101100111110110110010011011010111010111111011010110110110
00100100101011011000111110011001110111111001011001100100010010000011111000001000100011111100110000101011101100111011011110100010
10110110001101010110101101110110100010100111010111000111101011001111000011010110011011001000010010111000111000100101011110001000
00101010110001110111011100101100111000011101001110100100010111100110110010001110100001101011111111001001110101100001000001011010
00110101000000110100001000001010101001110111110111110001101010001101100000111010110010010011000000011000000110110001011110001001
01111011000101000010011011101000011110110011100001100110111110001010111100011001011111101010000000110111101000101101111010100111
11011000100111100110001001111100010011110101011110111000010011101001011111110010001101011111111011010000000010111000101101001101
11000011000010010011011101011010000011000100100000101001110001101011000111001100010100111011101010000111000011001000100100111110
10011110100010110100000110011100011011000001111100011100101010011111001001101100111001000101001010110110000101111001101011001100
00001001000001000100001011011100110100001011111011100101110010111101101101000110100001000010110010001100010100000000101101111010
11111010100110100000111110010111110001100010110101110101111010111110100011011111011100001010011011111011111011111110100011100010
00010100010101100111011110011101000010010111101101001010110111011101010001011111000101100110101111010001010011010110010111011000
00111001011111100010000001000010101101011000110010100101101000011111100000110101101100010000100000000000001100001100101111010000
00000101011111001001110110111101101111010011000011001110010001110010110011100101110011111011111010100100010011011001111001111100
00000001010110011001010111110101010111101101101111100000101110111001101100100000110100111001100101011001101101111101010110111001
00011110001010111000111000010111111000010011000101110111010000101111100111100100101110101100000110001100010110000101000110101011
00000001111111011000110100100011000101100001011100011101011011001011101101011010110011010000111110100111111100011110110100100110
00001101101100001101111111011101101011100101101010111011101001111001111100011011111111011110001111001111011110101101001001001111
00011000010010011110000010110110110111111110110100011101011011101110010101111001000101110011010011111000101000111111010110000011
10010101001101101011101110101101110011111010110111100010010011001011001010110010000000011110011100100001101000101101101001110110
01110111001111001011111000111101011110100110011101010100100101001110001111101000101111110110010001100001111100000000011110011111
00000100100001000011000001011101111101001000011111100000010100000101111101010001111010000110011100000100111011101100101111010011
00100101001100000001110010001111101010100110100001101011010111111001111011101101110001010001001111000101100110010011101000110000
10101101001110010001001001101001110001000001001111111011011110101011011000110010010100100100110011011110100101011000000000111100
01001111010101110011110000101110101001001000110110110101001000001100000010111111110010000100010110010000110001111111101001001101
00010100100100011101001000100010111110001010110110111111000000011101011110111110011101100101011101000101110001111010101000101010
00000101001011101110110011011010100010101011111110101101001110001110011000011110000010000001010010110001110100001111001111110010
00010101100010100111111100010110000000100010011101001100001011011111011011011011100001111001110010011100001011001100010100111100
00011000100100100001110100100101110101001101001010011001110111100101010011110100101100010010111011101011110000001000101001111111
01110000110000001110100101001011100111010000101111001101111110101110000000000100011011000000000110010001110111011001011010110100
10110000000111100111000101010011100000010101111011011000101000001000101111101101011111000101010100100101101011001110000100111001
11110111100010000011110010101111011111001101000001110100111011011101101010110101110000101100010011010000111111100011110111111000
00000000101101101110110010001110001000110111111010000110110010000011111100000101100111001101110101010010000100000111001111001000
10010001000011100110000000101110101010011000100100111000111101111001000011100100001110101111001010101111010110011101010100010010
00000100001100111011000011011011100011011010110010101001010010110111111010000010111111110011000100010000101011110011111010110111
00101010000011011100110111100100011000010110101101000111010001001010010101110111001110011111000101101110101000011010000100110001
11110000111101011110000000111101100010000001110011110111100001001101011011100010110101110100111000111011110010000111011111111000
01000010111101011001010101110000100000000011110101101101101000010101100000000001110100011111011101000110001100011101001100100110
11101111011111001010101000100000011011111000100011000001011001011011000110011011011111110100010100100111100101101101011101011101
01000010111101100001100011010101110100000000111010100001100100110110000100110100000010001001000000101011011111011101011111101000
00001110111011001110011101101000101110010010101111010101101000101101111111001011101001011011111001111001011000010110111100100000
01101011101110001011011001011100110000000001101101111010001100101110100010111110011011010001110000010000100001100011100100010000
10011110100111010000100100001110100010111011101100111100011000001100000100110000110011000111000000100001100111110001010001011100
10111000101111001100000011111001101110010100011110110000001110111101001010100001111111110100111000011001111110100000110101011110
00110010011111011001011010010010110100011101100010110101000100001110101011111111000101101010101000110010111011100101011110010001
00101011000011101100100001001010011100110011011010111000001001111010011100100110011001011010111000100000111001011111100100110010
01111111001101000111101110001110011001101000110100001110101110111100101101110100011001111100110100000101111001000000110100100100
00111000001001001111110000000011111000001100000100010010011011011100010111110000011101000001100010101110000100101011111100010011
00000100011100110001000001010101110101000110010010100100011101011100100001000000110100011101000001010111111100100110010111011100
01110100001100010101011110110101010001011101110111101111010010010110100111110011000000100011101101111111011101010110000000101100
01010111101010001000011100111000100111101110110011111010001000100111111100011110010100111011101111011001111010101001011101100111
00010011000101110110110100011111000010010100111001011100111100100100000100110100000100100001101110010010010100101100110011001010
11011011001110101011001101010101000011000100001111110010010111111010000100110001111010000010110011110000110110110001010011010011
00000000000100100101000010110011001011100101001111111010001100111111000010100000010001101001000010011110111110010010010011011111
00000111111001001011110001110001010011111100011001101000100111111001101100001111111000111101010101000010010011000101011100010101
00011110001010101000110100110000000101000111101100101001100001010110100101100110101010011100010111101101001100001000100010000010
01110001100000110010001110010100001011100010011000011011011001111001110001111101101000111111101100000011000111100011010110000101
00110010010100011011010011111010110011101111000101001010001100100010101010010110110000111011100101101010110001010111100001101101
00010010011001011011001000111000000111011010011100011001010101000011110001001010100011001111100111100110100001111100111001100000
11010010010000111001001001011101001110111100000101110110100001111110011011111011000000001100000111110111110011101100011001111110
00000101110101010100100011010110111010111010011111001111000111010110010111011010010110001011101111111000111110111111111101000101
00101011101101111101000100110101101011001100000101100001111001011110110001101001011010000000010011101110100100010001011000110110
00011100011111101001001001000101111101001101001010100010101000111001011100111010101101010100010010101000111101000110110110111001
01010101010010110111111101101010110100111001110100111001010001011101011100000100101000011111111000000111001000011110110100111101
00001110011110100010111001001001100000101000011111010101010101001011011111011110001100110010100010111101111001010001111110100011
01000100111001001011110011110001011001110000110100100100001001110111000000100111010011101111111011011001001011000101001111011100
10001101101101111000010100100011010110001111110001000001001111111011100101010110100001000001001000000011110110101010001111010000
11000101100010111101010111111100101110001010101110111100011011001001010111110011101011011010011101101000011110010000010110000001
01110001000011111010000001100001101111101001100111010101101100111100010010101000000010010100000000000000100001001100101001110000
00100001001101101111110000000111111000001011101110011001010011101101110111000001100100010111001101011011000111000011000100111111
00001001001111110001000100110000000101110000100111010011110100110111000000010000101100100000001000011100101011111110110110010111
00001101110011011001000111001000011001100110110110111101011001101111000011100100101010010010101110110010011010101100101001001011
01001011100101011000010101000101010000111011011110010101101110100101101001011100001010100011111001001011011011101100100110111101
01101011001100111001101001111100001011101000011101111011001101100101100010000101000101010111000000100010000110010110100010000000
01100011011100000000011101100001010100010110101010101110111100110111001000011111010110001110111101011110011101101110011000111110
01001011000101000000010111000100011011011010001000100101110111001000101010000100010011110011011001101011001001101011100011011100
10100111001010011000001110111111010101100100000100010000101100001110000001110101001011101010000111100101011100011000110111011011
10011111101101110000000101001011001110110011110101110101011100111000111010101000010111100100001101110010011100110111111000000001
01110010000001001101010000001100000101000110001001110110011000111010100000010110110000111111011110101100010000110101011100111000
01011000111000010010110000100100010011010010100110011011101101011000000010000111010111111011010100100101001010100010000010110101
00001000010110110001111101001110100010000111001100011101011010010101101011101000110010000010011010101010100011000011110101011100
10010111111101111000110011010101000011101111010100110000011010101000011111101101010111000111100110011111010101111101000001100010
00000110010010111010001000110001001100001110010011101010100101111011000101011000001111110111011101111100111000100100100000110100
00110111001011011111011001011101100010101110111000010001000111011001111010110110011011111101010101110011010110010011001110010110
00111011100000010110100011100100101111101101100111100100011011100110000000100000100100011100100001001110100010001100010100001111
11101101001000001010001010101011110111111011001011010101100111001010000001010111001111011101111001100010111111001010100010000100
01101000110010100111010001010000010101111110100110100011101011111000001001010100111010010000110001110000101001100000111100100011
00011111000101101001110100100100000101011100111001010100011110111010110010001101101110100000001101010101011111000001010110000010
10100001001000110000100101100111000011100011011110010011011111011110111011000110110111111100011010111010001110011110100000000111
00100000001101101111110100100001111001101000111100110111100100011101101111110100001111011000000011010111101100000100100110001001
00011110011101010100000010101001110110000101101110011010001101111101100100100100011111111001001000110010010101100110000000110111
01011011001110101111000001101110001110011000110110100000011110001010001001110000111011011110110011111110000111111110110010111001
11100111111101110101011000001000010101111000010011010010101100101101000001100111100011111001110101110100010111010100111110010100
00000000010010110110011010010101110011011001101010010000110111010001000110111011011100111010110000010010110011000000000011010010
11001100101101001000110110110011101110101111101111100110111110001000010101110000001100110010100010110100010001000101110111100001
00111000110100101010011101110001101011011100011100101011111111101101001101110011000000000111110100010010110110111111000110111011
00111001010010111000110100110001111000110101011010100010111101001101010111100100110110000000100101000111001000011001101101000111
00011000110101000011110101100000111011010010000001100100010010011110001101111110101001011110111010100010100010110011010111111110
11010000010001011011101010010101101100110000001010001101111000101100000010110001011101010010100100011010100000101010100011010001
01010011001110101101100001010000110001000111001011011101000110110101100010110001111110111110001111000111111110100111111101001010
00010110111001111111011111010011001100111001111000011000011111100111101011000000000110010000011110010011010100000111000011110001
10101000100011111000010001011010000100110100011111110011000110101001010011110000000101110001010001101111110001100111101011110000
00010011000001001101111000101111001001010110000111101010000000110101001111000100110010000011001111100011010000010110111111111001
00101010110011000100000011011001100100000000111110010101010001000100101101000110110011111000101101111000100001100010001001100111
00010010000001010011110010110110010111110101111010100100111000011111110000110110101010111101010000000010000111001000110010100011
01011111001101001110110011010010110101001110001010000011001110101101101110111100010101110010101011000100100100101001101111001001
10111100100001100010101010110011011011100000110011001100011111011000011011010000100100000010001100011110010011101000000010001010
01110011101111000110011110011100000111010111010000001000100111011001100111001001001000000010001110011011101110101010101001010011
00111010001111000011000111001001111101111100001011101010100000011011000100110010101100101110111010000110100100111101000010101111
00011011110000000000101111111001110111110011010111000011000000001010100010111000000100110111111001111000110000111010111011101001
00011000101100110011101000001111001100111010110100110000010101000001100001111111111000100001011011000100101110010101010111110101
01010000010100111101011010010001010101001011001100011100010111111000011001100111000101111001011000111000110110100011100010001111
00000000000011001100001110100111101101000001100010100100001111010000101100001111111010100001000111011111101101010101010110100100
11001011001010010000000100101101000010110001100010100100110000111111001000100001111001101001110010000101010101000010010011110001
00011110000010111111111011110101010001100011010011100010100000100111100110010001010101000110100010000001100110110010100111101010
00010000100010110101011101000001000001000001000000011111001111101111101010010001001101010001001100111010011001100101000011011100
01011010001111000110001110011010000101000011010100001010000010011000111100110100011101100011101000001100001010110111101001010101
10101111010001001011111001010100111101011001011100111100000010011010001011111000001010000101001001111111101011111101100011000011
11100101011001111100111000101100010100110010010010001110100100001100100110111001110011101011100001111101000000110000010001011010
00001110000101000101100010010110101010100000110001110010001110011011110100111010000111010000010101000001101111001110100100111011
11111101100110111111001111011000001100101011111010000100100001011000110101111101101101011010011101100000101010011111001111010010
11000000010000101011011111000100100001010111001110111101010110101000101101100010101111011010110010111101111000110001111101111111
10100110001011111000110000100010011001110100110011100100010011111101001011011011010110011110000111111010000001011100101101110111
00010011111010011110000001000110111110000110100011100000010001011101100010101010011010010001101111011100000110010111100111101100
00110100001000101110000000010000010101000110110011100111100101110010111110000001000011111101010000110001111011111101110101101100
01111011110011100001000010001000100000100011110101001000101111110111111100110000111010001111100100100100101011011101100010000110
00110011001010011111011011001111010001000010011100001011110011101111111110001111111100000000000111011000111100100101001110110010
00000110010001111111011110110001010111011001000110110111110001100111110011101000011110000100000100111001111110100000110101110010
11101101101111101111100001011001100010100100111110110110000010001011111010100000110001010111111001000011011011011100100010110100
11011111000000100011110100010010101000110111011111100101100000001100111101101011000110011100001111100000011110100111110101111010
00001001001000000011011011011100010010100100111110010111110100010101101000001000010011000111010101001110101010010110111110111100
00000100001010110000000111110100110001010001011010010100101010000010101110110100001111101010010011001001111010000101000010001100
11101101000010010011011011100101111010100011011010111010010000101101011011110100110000001010001101101011100011111100110101111011
11110111100000001010110111011010001001101011000100111010101010001000101111111000101111001101100110001010001110010011001000111011
01010101011000101100110101111100010111000011100101100000110001111110000000111110101110111101100101100010000110100000000010000101
01100010101011000010101101101010010010011101101100011100100010101111101100010111000101011011000101010111101001101010001000111100
00000000011110110101010001111010111011101110111001101110100000001111000100000111011001000111111100011110101010111001100111010010
01101101110100111100010010111110111000111110001011110110011111111011101001011010000011000100100001111001000111101101010011101011
00000100011100110011001101110000110000000011101100111101000100101111101001111101111011000000110000000000111000010000010100111111
00101011000110011100100001000000111101010111011110110101010000000111101110000111100011000001010110010000110000010010001111000100
00100001001000111110101010110000101010000101111101110100100000111001010001100110010111011000111111010001100100101000001000001011
11010000111100101101001001010100011110101100000111110010110011011110111001110101110111110101110101000010010010000000110111101010
00001110010101010111011001100011100100100110010010110100001011111010000100111011101111000010100110111100000011011010101101011010
00000010010010111001001001010100110000110010001110000010011001101010111010100001001101011011110100001111100000101100100010100011
11010010000101000111110110111000110011101011000011101001001111001101000000000111011100011001000101100100110001111001000010110110
10111111110011100111011001110010111100010000000100001101100111011111001001111011011110101010010010100111010000000101111111011001
00000001111111110010111000110100010000010000000111110000101010001101111101001000000011001000111001111110000010010101111010001001
00100011010011111100111101000001101000011111100010000110011100101001101101110000011110111101011001001101010011100110011010011011
10010001010000101011001011001000001001000100100111100111111001111101010110000001010011111000000000001001010110011001011010100011
01100001101000010111100000010101000011010110110101011100100110111110101011011000010111111110101001110100011011010011011110011010
00001111010011101110101010000000100001111010100110110011011010000111110101001111100011101101100011001010101000111101100010111010
01110101010010010101110110001001110111110010000011001110100000000110110101010010011011001100110100011101010110111100010110101100
01110100010101111101011001110011010111101001011011010000001111101101010000011000010111111001110001010000011000010011101011100101
11001001001111100110110111010100011110010001111010001100001001001010001101000010000111100011110100010000010111001111110001001101
11110111011011011011110000101111010101110101000011001100001111111010001110110010100101011110010001011010010000110011001000100001
10010010010001011010110010111001111010010010000111101000101111101100101001101000100011000100111110010000110110001011000000011001
01010001100101111010110100101011011010001010111110011001100110111111000010011111100100110101111101010110001000110000101011001100
11110110000110110101110100000011111101011100001011010001001011011111000111010100001000011110101010111100111110100001111101010011
10011000001001000011110000000110100011101100000010100110100101001111111110101111111001011100111100100001001101111111000100101101
00101010110101001010011110110011111101001110110001110010010010100100111010100000101000110100101001100101011011100000001001100010
01011111110110001110001001001111010011001101111100100000010001101111011100101101001101011000100000111001110101011000100111101010
01100000100101110101110101000110100100111111110100001011101011011101110101000001100001000111111011001011101000100010110001001110
00000100101010101110101010001011000001110101100110010000000011011010100011100011100000111111010100010100001101010001101010001111
00011010110000011100001011001001011101000000011101001011110101100101100001010000100011111110100101011111001010001011101101000111
00001001100000000110000010000010010111010010011101111001001110011010001110100011101110100001010001010011000010110100001000001110
01001000110001010011000101000011000001000110011001100000111110110111001100011010110111001100010001000101001000001101100100011111
00000000111101000010001101010100100001011000111001100100010011110101010000011001100001101111010100111010111011000100000100111010
00001101100110110111011100011101111111001000000111100100101011011101001101100110000101011001101100101110110001110000101111001011
00111101001101111010111100000100001000110110110010010111000110100101111000001110100011100011111011010101110000001101001101001011
00100111111110011011000000100010101000001001101101001100010001001111101100101000000011101100110011000110100011110001010111100101
00000111011000101111001101010011001110010110101011010110001101111010000001110100111001101010101011100001110011011001011001011101
11001101011010110010101001110100111101010000101001011101100001001111000000101010101011010000101111000101011010010110011100101101
11001100000000101111100001110100110111110001101111100000101101101000011111010010111010001000010111010110000011110000001111110000
01010001100001100001111100101110101111010110010000101011011011100111010011010110000110111110000110010100000101100001110100000011
10111110100110010100111111001001101111110000110101111101000011101100101111101010010011000011001011111011111010111111100101101001
01011000110000010100001001010100110101100101011101001011110101101001001010011011010101000010100000110110101001111001001011101111
11011100100010001100011001001011001111110010111011010010001110011011011010110100100110001010010111011100100000001101000010010000
11001010101100110101011010100011010110111100110100111100111110001000101110111000111100101001000100100010100101101000001100011010
00011011001100010111101000010110001100110010000011000111000010011101110000001110111000011110101000000110000001010000100000010001
10101011000110111110000000000110100011001011101111001000100011101000011101010100010111100001111010001010000010011011011011010010
01100110100100101000010010101001101011001011110001001010001110111111101010101110110101111001110001111100000011010111101111111011
01001111100101010010001000101110000101111111010010011111001001101111000000100001001111101010100010011001001100110100011100001010
00101011111001111000111111011010110001011011111100111011110001101100100000111011001000110110111011111011101011010010111001000011
00000110011110011101010100011111000101100101110000000100000010100100101100010001010000110101101000011100111001010110110011010111
00001111110111010011111111101001000111101110111110111001100101100110101110100001000101111010011010011010101101101001111101000010
01111101111110010100010010101000110111110011111110111010111101111100000011000110001110010011010000001011110000001110000111110100
01001010101001010000110110111100101100011100111011101111001000001111001000000001101011011001110100101111100111111011011000110011
00100000000111100010111101111001000001010110101100010101100010010111000111000000011100011000100101110101100111101101000100111111
01001100010111110010111001001001000010110000111011000011010000101111101111001111110101000100000001011101110010100011100110110110
11010010100110110011001110100001101011101111000111101110000111001111001010000011011110001000000101101111000110000101011100111010
00110000100010000100000010111010111100010111001111000001011101110011100011111010000011101001001000011000001100101101100001010000
01011110010110010010001101010101110111101111110111001110011100001111101000101011000110111001100010101001010011011001001010001011
00111011010001101011110000000000000111100101100111110100100000101100110000111001011000100010100011101010110010001100000011101001
01111100100011011110101111111010111011101010010001111100010110110110001100101010110000000001110110001000010011100100010001111100
01101100000111001011101010101100010011010000111010000101100110000101011011011111100101011010101101100000111011111100101101001100
00001011011110001001101001111011110101000111100101110011011010110001101100110001000010011011010010110100110001100000000101111011
01110010110011110101101100111110000010010000101101001111111100001111111110111110101111110101101001101101111011110011000010101010
11001010001000001000110001100000110011101011001111011011000001101000010001101001110100001101010001010111110011011111000110011011